{
 "cells": [
  {
   "cell_type": "code",
   "execution_count": 44,
   "id": "63a8c133",
   "metadata": {},
   "outputs": [],
   "source": [
    "#this dataset will be used for prediction which team (red or blue) wins\n",
    "#in a popular online multiplayer game: Legaue of Legends\n",
    "\n",
    "#link to dataset:\n",
    "#https://www.kaggle.com/datasets/bobbyscience/league-of-legends-diamond-ranked-games-10-min?datasetId=600276&sortBy=voteCount\n",
    "\n",
    "#starting PySpark session\n",
    "from pyspark.sql import SparkSession\n",
    "\n",
    "pyspark = SparkSession.builder.appName(\"League of Legends match outcome prediction\").getOrCreate()"
   ]
  },
  {
   "cell_type": "code",
   "execution_count": 45,
   "id": "91d26ba4",
   "metadata": {},
   "outputs": [],
   "source": [
    "#loading dataset\n",
    "data_frame = pyspark.read.csv('high_diamond_ranked_10min.csv', header=True, inferSchema=True)"
   ]
  },
  {
   "cell_type": "code",
   "execution_count": 46,
   "id": "c8d017bb",
   "metadata": {},
   "outputs": [
    {
     "data": {
      "text/plain": [
       "Row(gameId=4519157822, blueWins=0, blueWardsPlaced=28, blueWardsDestroyed=2, blueFirstBlood=1, blueKills=9, blueDeaths=6, blueAssists=11, blueEliteMonsters=0, blueDragons=0, blueHeralds=0, blueTowersDestroyed=0, blueTotalGold=17210, blueAvgLevel=6.6, blueTotalExperience=17039, blueTotalMinionsKilled=195, blueTotalJungleMinionsKilled=36, blueGoldDiff=643, blueExperienceDiff=-8, blueCSPerMin=19.5, blueGoldPerMin=1721.0, redWardsPlaced=15, redWardsDestroyed=6, redFirstBlood=0, redKills=6, redDeaths=9, redAssists=8, redEliteMonsters=0, redDragons=0, redHeralds=0, redTowersDestroyed=0, redTotalGold=16567, redAvgLevel=6.8, redTotalExperience=17047, redTotalMinionsKilled=197, redTotalJungleMinionsKilled=55, redGoldDiff=-643, redExperienceDiff=8, redCSPerMin=19.7, redGoldPerMin=1656.7)"
      ]
     },
     "execution_count": 46,
     "metadata": {},
     "output_type": "execute_result"
    }
   ],
   "source": [
    "#read first row of the dataset\n",
    "data_frame.head()"
   ]
  },
  {
   "cell_type": "code",
   "execution_count": 47,
   "id": "38dd66ff",
   "metadata": {
    "scrolled": false
   },
   "outputs": [
    {
     "name": "stdout",
     "output_type": "stream",
     "text": [
      "root\n",
      " |-- gameId: long (nullable = true)\n",
      " |-- blueWins: integer (nullable = true)\n",
      " |-- blueWardsPlaced: integer (nullable = true)\n",
      " |-- blueWardsDestroyed: integer (nullable = true)\n",
      " |-- blueFirstBlood: integer (nullable = true)\n",
      " |-- blueKills: integer (nullable = true)\n",
      " |-- blueDeaths: integer (nullable = true)\n",
      " |-- blueAssists: integer (nullable = true)\n",
      " |-- blueEliteMonsters: integer (nullable = true)\n",
      " |-- blueDragons: integer (nullable = true)\n",
      " |-- blueHeralds: integer (nullable = true)\n",
      " |-- blueTowersDestroyed: integer (nullable = true)\n",
      " |-- blueTotalGold: integer (nullable = true)\n",
      " |-- blueAvgLevel: double (nullable = true)\n",
      " |-- blueTotalExperience: integer (nullable = true)\n",
      " |-- blueTotalMinionsKilled: integer (nullable = true)\n",
      " |-- blueTotalJungleMinionsKilled: integer (nullable = true)\n",
      " |-- blueGoldDiff: integer (nullable = true)\n",
      " |-- blueExperienceDiff: integer (nullable = true)\n",
      " |-- blueCSPerMin: double (nullable = true)\n",
      " |-- blueGoldPerMin: double (nullable = true)\n",
      " |-- redWardsPlaced: integer (nullable = true)\n",
      " |-- redWardsDestroyed: integer (nullable = true)\n",
      " |-- redFirstBlood: integer (nullable = true)\n",
      " |-- redKills: integer (nullable = true)\n",
      " |-- redDeaths: integer (nullable = true)\n",
      " |-- redAssists: integer (nullable = true)\n",
      " |-- redEliteMonsters: integer (nullable = true)\n",
      " |-- redDragons: integer (nullable = true)\n",
      " |-- redHeralds: integer (nullable = true)\n",
      " |-- redTowersDestroyed: integer (nullable = true)\n",
      " |-- redTotalGold: integer (nullable = true)\n",
      " |-- redAvgLevel: double (nullable = true)\n",
      " |-- redTotalExperience: integer (nullable = true)\n",
      " |-- redTotalMinionsKilled: integer (nullable = true)\n",
      " |-- redTotalJungleMinionsKilled: integer (nullable = true)\n",
      " |-- redGoldDiff: integer (nullable = true)\n",
      " |-- redExperienceDiff: integer (nullable = true)\n",
      " |-- redCSPerMin: double (nullable = true)\n",
      " |-- redGoldPerMin: double (nullable = true)\n",
      "\n"
     ]
    }
   ],
   "source": [
    "#print all initial dataset rows and their interpreted types\n",
    "data_frame.printSchema()"
   ]
  },
  {
   "cell_type": "code",
   "execution_count": 48,
   "id": "77e1929c",
   "metadata": {},
   "outputs": [
    {
     "name": "stdout",
     "output_type": "stream",
     "text": [
      "Number of rows:  9879\n",
      "Number of columns:  40\n"
     ]
    }
   ],
   "source": [
    "#count how many rows and columns the dataset has\n",
    "rows = data_frame.count()\n",
    "cols = len(data_frame.columns)\n",
    "\n",
    "print(\"Number of rows: \", rows)\n",
    "print(\"Number of columns: \", cols)"
   ]
  },
  {
   "cell_type": "code",
   "execution_count": 49,
   "id": "52de65ae",
   "metadata": {
    "scrolled": true
   },
   "outputs": [
    {
     "name": "stdout",
     "output_type": "stream",
     "text": [
      "Number of columns:  39\n"
     ]
    }
   ],
   "source": [
    "#remove gameId column\n",
    "data_frame = data_frame.drop('gameId')\n",
    "cols = len(data_frame.columns)\n",
    "print(\"Number of columns: \", cols)"
   ]
  },
  {
   "cell_type": "code",
   "execution_count": 50,
   "id": "d4a0a533",
   "metadata": {},
   "outputs": [
    {
     "name": "stdout",
     "output_type": "stream",
     "text": [
      "+---------+----------+-----------+--------+---------+----------+\n",
      "|blueKills|blueDeaths|blueAssists|redKills|redDeaths|redAssists|\n",
      "+---------+----------+-----------+--------+---------+----------+\n",
      "|        9|         6|         11|       6|        9|         8|\n",
      "|        5|         5|          5|       5|        5|         2|\n",
      "|        7|        11|          4|      11|        7|        14|\n",
      "|        4|         5|          5|       5|        4|        10|\n",
      "|        6|         6|          6|       6|        6|         7|\n",
      "|        5|         3|          6|       3|        5|         2|\n",
      "|        7|         6|          7|       6|        7|         9|\n",
      "|        5|        13|          3|      13|        5|        11|\n",
      "|        7|         7|          8|       7|        7|         5|\n",
      "|        4|         5|          5|       5|        4|         4|\n",
      "+---------+----------+-----------+--------+---------+----------+\n",
      "only showing top 10 rows\n",
      "\n"
     ]
    }
   ],
   "source": [
    "#select certain columns and print them\n",
    "data_frame.select(['blueKills', 'blueDeaths', 'blueAssists', 'redKills', 'redDeaths', 'redAssists']).show(10)"
   ]
  },
  {
   "cell_type": "code",
   "execution_count": 51,
   "id": "f6dc799a",
   "metadata": {},
   "outputs": [
    {
     "name": "stdout",
     "output_type": "stream",
     "text": [
      "+-------+------+\n",
      "|kdaBlue|kdaRed|\n",
      "+-------+------+\n",
      "|   3.33|  1.56|\n",
      "|    2.0|   1.4|\n",
      "|    1.0|  3.57|\n",
      "|    1.8|  3.75|\n",
      "|    2.0|  2.17|\n",
      "|   3.67|   1.0|\n",
      "|   2.33|  2.14|\n",
      "|   0.62|   4.8|\n",
      "|   2.14|  1.71|\n",
      "|    1.8|  2.25|\n",
      "+-------+------+\n",
      "only showing top 10 rows\n",
      "\n"
     ]
    }
   ],
   "source": [
    "#calculate KDA for each team per game: KDA = (kills + assists) / deaths\n",
    "from pyspark.sql.functions import round\n",
    "\n",
    "data_frame = data_frame.withColumn('kdaBlue',\n",
    "                                   round((data_frame.blueKills + data_frame.blueAssists) / data_frame.blueDeaths , 2))\n",
    "data_frame = data_frame.withColumn('kdaRed',\n",
    "                                   round((data_frame.redKills + data_frame.redAssists) / data_frame.redDeaths , 2))\n",
    "\n",
    "data_frame.select(['kdaBlue', 'kdaRed']).show(10)"
   ]
  },
  {
   "cell_type": "code",
   "execution_count": 52,
   "id": "c878d393",
   "metadata": {},
   "outputs": [
    {
     "name": "stdout",
     "output_type": "stream",
     "text": [
      "DataFrame columns count : 41\n"
     ]
    }
   ],
   "source": [
    "#current number of columns in dataset\n",
    "cols = len(data_frame.columns)\n",
    "print(\"DataFrame columns count :\", cols)"
   ]
  },
  {
   "cell_type": "code",
   "execution_count": 53,
   "id": "040f4924",
   "metadata": {},
   "outputs": [
    {
     "name": "stdout",
     "output_type": "stream",
     "text": [
      "Number of rows with NA value:  135\n"
     ]
    }
   ],
   "source": [
    "#count number of NA rows before transforming them into mean values\n",
    "print( \"Number of rows with NA value: \", data_frame.subtract( data_frame.dropna() ).count() )"
   ]
  },
  {
   "cell_type": "code",
   "execution_count": 54,
   "id": "6a17094a",
   "metadata": {
    "scrolled": true
   },
   "outputs": [
    {
     "name": "stdout",
     "output_type": "stream",
     "text": [
      "Number of rows with NA values:  0\n"
     ]
    }
   ],
   "source": [
    "#replacing NA rows with a mean value\n",
    "from pyspark.ml.feature import Imputer\n",
    "\n",
    "imputer = Imputer(\n",
    "    inputCols=data_frame.columns, \n",
    "    outputCols=[c.format(c) for c in data_frame.columns]\n",
    "    ).setStrategy(\"mean\")\n",
    "\n",
    "# Add imputation cols to dataframe\n",
    "data_frame = imputer.fit(data_frame).transform(data_frame)\n",
    "\n",
    "#count number of NA rows after transforming them into mean values\n",
    "print( \"Number of rows with NA values: \", data_frame.subtract( data_frame.dropna() ).count() )"
   ]
  },
  {
   "cell_type": "code",
   "execution_count": null,
   "id": "e0a0b7a4",
   "metadata": {},
   "outputs": [],
   "source": [
    "#ploting all red and blue team stats\n",
    "import pandas as pd\n",
    "import matplotlib.pyplot as mp\n",
    "\n",
    "data_frame_pd = data_frame.toPandas()\n",
    " \n",
    "# plot the dataframe\n",
    "data_frame_pd.plot(x=\"blueWins\", y=[\"blueKills\", \"redKills\"], kind=\"bar\")\n",
    " \n",
    "# print bar graph\n",
    "mp.show()"
   ]
  },
  {
   "cell_type": "code",
   "execution_count": 55,
   "id": "ab252551",
   "metadata": {
    "scrolled": true
   },
   "outputs": [
    {
     "name": "stdout",
     "output_type": "stream",
     "text": [
      "+--------------------+\n",
      "|            features|\n",
      "+--------------------+\n",
      "|[28.0,2.0,1.0,9.0...|\n",
      "|[12.0,1.0,0.0,5.0...|\n",
      "|[15.0,0.0,0.0,7.0...|\n",
      "|[43.0,1.0,0.0,4.0...|\n",
      "|[75.0,4.0,0.0,6.0...|\n",
      "|[18.0,0.0,0.0,5.0...|\n",
      "|[18.0,3.0,1.0,7.0...|\n",
      "|[16.0,2.0,0.0,5.0...|\n",
      "|[16.0,3.0,0.0,7.0...|\n",
      "|[13.0,1.0,1.0,4.0...|\n",
      "+--------------------+\n",
      "only showing top 10 rows\n",
      "\n"
     ]
    }
   ],
   "source": [
    "#combining values of each column in a single vector using VectorAssembler\n",
    "from pyspark.ml.feature import VectorAssembler\n",
    "\n",
    "numeric_cols = [c for c in data_frame.columns if c not in ['blueWins']]\n",
    "assembler = VectorAssembler(inputCols=numeric_cols, outputCol=\"features\")\n",
    "data_frame = assembler.transform(data_frame)\n",
    "\n",
    "data_frame.select('features').show(10)"
   ]
  },
  {
   "cell_type": "code",
   "execution_count": 56,
   "id": "29ee24a2",
   "metadata": {},
   "outputs": [
    {
     "name": "stdout",
     "output_type": "stream",
     "text": [
      "+--------------------+--------------------+\n",
      "|            features| features_normalized|\n",
      "+--------------------+--------------------+\n",
      "|[28.0,2.0,1.0,9.0...|[1.55390008946549...|\n",
      "|[12.0,1.0,0.0,5.0...|[0.66595718119949...|\n",
      "|[15.0,0.0,0.0,7.0...|[0.83244647649937...|\n",
      "|[43.0,1.0,0.0,4.0...|[2.38634656596486...|\n",
      "|[75.0,4.0,0.0,6.0...|[4.16223238249685...|\n",
      "|[18.0,0.0,0.0,5.0...|[0.99893577179924...|\n",
      "|[18.0,3.0,1.0,7.0...|[0.99893577179924...|\n",
      "|[16.0,2.0,0.0,5.0...|[0.88794290826599...|\n",
      "|[16.0,3.0,0.0,7.0...|[0.88794290826599...|\n",
      "|[13.0,1.0,1.0,4.0...|[0.72145361296612...|\n",
      "+--------------------+--------------------+\n",
      "only showing top 10 rows\n",
      "\n"
     ]
    }
   ],
   "source": [
    "#Normalization\n",
    "from pyspark.ml.feature import StandardScaler\n",
    "\n",
    "scaler = StandardScaler(inputCol=\"features\", outputCol=\"features_normalized\")\n",
    "\n",
    "data_frame = scaler.fit(data_frame).transform(data_frame)\n",
    "data_frame.select(['features', 'features_normalized']).show(10)"
   ]
  },
  {
   "cell_type": "code",
   "execution_count": 57,
   "id": "38fa519d",
   "metadata": {},
   "outputs": [
    {
     "name": "stdout",
     "output_type": "stream",
     "text": [
      "[[1.0, 0.03444722001301317, 0.003228265854735615, 0.01813845286350808, -0.00261216273824159, 0.03321650282728413, 0.01989166145591634, 0.017676232818277047, 0.010103642633885652, 0.009461756299750107, 0.019724619122304145, 0.034348848021210306, 0.03171895847458744, -0.03392468712685751, 0.01050071652570813, 0.015799805858957364, 0.027942986051619757, -0.033924687126857526, 0.019724619122304107, -0.012905646327433068, 0.11554894429120299, -0.003228265854735651, -0.00261216273824159, 0.01813845286350808, -0.00900945375825949, -0.022816761772644883, -0.02012061321583624, -0.011963690704796644, -0.008224531119615942, -0.0056854293200946674, -0.008882415825217005, -0.012999941666618439, -0.012394858434986973, 0.0012237813233275019, -0.015799805858957364, -0.027942986051619757, -0.01239485843498691, -0.0056854293200946605, 0.00743423120031391, -0.015678691985625468], [0.03444722001301317, 1.0, 0.017716598446153135, 0.0337480748815397, -0.07318248286832567, 0.06779332162883474, 0.04170046310526798, 0.04050428439686325, 0.016939584190668124, -0.009150078514001927, 0.06005421563472991, 0.06029431684307184, 0.06746222219242322, 0.11102846652467575, -0.02345176996537172, 0.07858504448583059, 0.07794644248266279, 0.11102846652467628, 0.06005421563472988, 0.13596624200237606, 0.12391873814646352, -0.01771659844615304, -0.07318248286832567, 0.0337480748815397, -0.046211730059391436, -0.03450861256631443, -0.03443872217545301, -0.012711733632149506, -0.0239429341721717, -0.0674674983210243, -0.059090252523780876, -0.05731433759333843, 0.04002250300187624, -0.0357322821100398, -0.07858504448583059, -0.07794644248266279, 0.04002250300187631, -0.06746749832102433, 0.06203059639213434, -0.06750520959216898], [0.003228265854735615, 0.017716598446153135, 1.0, 0.26942506483837103, -0.24792907160215205, 0.22948515436510275, 0.1516034452817717, 0.1343086826726254, 0.07750876343990964, 0.08331570868780216, 0.3120582675138481, 0.17761658345797635, 0.1903650164858678, 0.1256424537310774, 0.018190433646918584, 0.37851102504064577, 0.24066466704043402, 0.1256424537310778, 0.3120582675138479, -0.019141581097668232, -0.043303936103264405, -1.0000000000000002, -0.24792907160215205, 0.26942506483837103, -0.2011398283748552, -0.1416272403782996, -0.13532711492182714, -0.0602461179651098, -0.06958398355601719, -0.30147856389885425, -0.1826018151845407, -0.19491967443005384, -0.15671080346625585, -0.024559303175699865, -0.37851102504064577, -0.24066466704043402, -0.1567108034662572, -0.30147856389885425, 0.2830786552723928, -0.29065016399725024], [0.01813845286350808, 0.0337480748815397, 0.26942506483837103, 1.0, 0.004043776264240366, 0.8136672492803677, 0.17853984907056147, 0.17043642401017509, 0.07619458783335904, 0.18031365741012492, 0.8887508636552036, 0.4348667784919679, 0.4721547570719122, -0.03087995248930261, -0.11250550192096276, 0.654147609470272, 0.5837299461734727, -0.030879952489302708, 0.8887508636552034, -0.03423920092818726, -0.09227787453661424, -0.269425064838371, 0.004043776264240366, 1.0, -0.02034416279027642, -0.22456372135307084, -0.2079493879175984, -0.10442313842099568, -0.08249085260402753, -0.16112740286907512, -0.41221875523100976, -0.46233285850241196, -0.47220250459498314, -0.21445435436981836, -0.654147609470272, -0.5837299461734727, -0.47220250459498414, -0.1611274028690751, 0.4764644493172051, -0.552843939819363], [-0.00261216273824159, -0.07318248286832567, -0.24792907160215205, 0.004043776264240366, 1.0, -0.026371700027189218, -0.20476364750300569, -0.18885154146976404, -0.09552706755421293, -0.07144066397763144, -0.16257172773435116, -0.41475527731018685, -0.46012212147843784, -0.4685599693975489, -0.22810205300855368, -0.6399995030029999, -0.5776129146680237, -0.46855996939755, -0.16257172773435102, 0.008101660030277468, 0.03867213274001302, 0.24792907160215205, 1.0000000000000002, 0.004043776264240366, 0.8040234763151607, 0.16334008436958838, 0.15074552419898132, 0.07663859624828998, 0.1567803222788359, 0.885728293233711, 0.4333825813487764, 0.4645842640805214, -0.040520815834982404, -0.10027093905589439, 0.6399995030029999, 0.5776129146680237, -0.04052081583498278, 0.8857282932337113, -0.55168695987352, 0.4651373417156683], [0.03321650282728413, 0.06779332162883474, 0.22948515436510275, 0.8136672492803677, -0.026371700027189218, 1.0, 0.14904318217767762, 0.17087269389388984, 0.02843399341286236, 0.12366266272807788, 0.7483519035205187, 0.2926611571355506, 0.30302155380895124, -0.06203535679774124, -0.13402327986100762, 0.5497610866359788, 0.43700182839033724, -0.06203535679774122, 0.7483519035205188, -0.03247399389139872, -0.06450094422663633, -0.22948515436510275, -0.026371700027189218, 0.8136672492803677, -0.007481018701372625, -0.1829850305456675, -0.18956250624983115, -0.058073982780348, -0.06088038794062387, -0.13394798494623014, -0.3569280278534559, -0.39665209206375585, -0.33751453968974254, -0.16091467177993077, -0.5497610866359788, -0.43700182839033724, -0.33751453968974315, -0.13394798494623, 0.5145918688032516, -0.454128294576231], [0.01989166145591634, 0.04170046310526798, 0.1516034452817717, 0.17853984907056147, -0.20476364750300569, 0.14904318217767762, 1.0, 0.7810387165793309, 0.6402711176177347, 0.16664390337918997, 0.23939640196704481, 0.2035301323392252, 0.23277351597168566, 0.11876204993563284, 0.1983777188875104, 0.2814642308107249, 0.2639909208718545, 0.11876204993563368, 0.2393964019670447, -0.017291776402075854, -0.0052884019438111185, -0.1516034452817717, -0.20476364750300569, 0.17853984907056147, -0.15676369795438116, -0.45513883632357366, -0.47175438498672834, -0.1441044911559272, -0.05202948088834971, -0.21661556847947655, -0.1696490270581591, -0.1898158489149795, -0.07483757397186239, -0.08789299979485518, -0.2814642308107249, -0.2639909208718545, -0.07483757397186211, -0.21661556847947636, 0.19884982174007812, -0.19851648754796963], [0.017676232818277047, 0.04050428439686325, 0.1343086826726254, 0.17043642401017509, -0.18885154146976404, 0.17087269389388984, 0.7810387165793309, 1.0, 0.020380839915337658, 0.03975004892014065, 0.18641285000562227, 0.16068338004010196, 0.17908338584663414, 0.08668597573013939, 0.15959454839279982, 0.2338748183345338, 0.21149572675727646, 0.08668597573013999, 0.18641285000562213, -0.02710222439643625, -0.023049272186564, -0.1343086826726254, -0.18885154146976404, 0.17043642401017509, -0.1624055989079405, -0.5065463121495541, -0.6319304656160236, -0.016827203078726254, -0.03286544518304142, -0.1928713168830907, -0.14980583619875018, -0.15948510491493498, -0.05980293882526442, -0.09844609483748473, -0.2338748183345338, -0.21149572675727646, -0.05980293882526471, -0.1928713168830905, 0.19942829275828608, -0.19075457987227393], [0.010103642633885652, 0.016939584190668124, 0.07750876343990964, 0.07619458783335904, -0.09552706755421293, 0.02843399341286236, 0.6402711176177347, 0.020380839915337658, 1.0, 0.21790091202838932, 0.15397359437705055, 0.12820065384709897, 0.15238605657843646, 0.08350854815781689, 0.12129100054218754, 0.16294298287100195, 0.16249588701559542, 0.08350854815781748, 0.15397359437705033, 0.0056532591990053754, 0.019885216904828553, -0.07750876343990964, -0.09552706755421293, 0.07619458783335904, -0.051209492107683045, -0.1055934180101006, 0.02203482159399568, -0.21001187036166616, -0.042872474828582675, -0.1095573586338121, -0.08733723646226273, -0.1077181281829867, -0.04625342828459408, -0.019621801228013113, -0.16294298287100195, -0.16249588701559542, -0.04625342828459428, -0.10955735863381216, 0.07304907010395874, -0.08318456296650469], [0.009461756299750107, -0.009150078514001927, 0.08331570868780216, 0.18031365741012492, -0.07144066397763144, 0.12366266272807788, 0.16664390337918997, 0.03975004892014065, 0.21790091202838932, 1.0, 0.35094079699438, 0.12445291543203274, 0.13939833972016807, 0.0922912710518095, 0.008165032514379816, 0.2940604509143432, 0.21831951711944764, 0.09229127105180972, 0.3509407969943801, 0.0036602844561986576, -0.03862274383417902, -0.08331570868780208, -0.07144066397763144, 0.18031365741012492, -0.03625372242235944, -0.04109936765211997, -0.028481548089991718, -0.0319732306239701, 0.011737799719724237, -0.12246530253669162, -0.20442851997463907, -0.210167452344831, -0.18687866817710969, -0.038504715750642085, -0.2940604509143432, -0.21831951711944764, -0.1868786681771106, -0.12246530253669156, 0.13582589898918568, -0.09267162116364798], [0.019724619122304145, 0.06005421563472991, 0.3120582675138481, 0.8887508636552036, -0.16257172773435116, 0.7483519035205187, 0.23939640196704481, 0.18641285000562227, 0.15397359437705055, 0.35094079699438, 1.0, 0.6169678852366084, 0.676193338563716, 0.2849022924986217, 0.09076858089377453, 0.8168027586695712, 0.7293450244664144, 0.2849022924986222, 0.9999999999999998, -0.020069286718820814, -0.0906112840961247, -0.31205826751384813, -0.16257172773435116, 0.8887508636552036, -0.1289208664222059, -0.22723644098733842, -0.2017936432767535, -0.11725685933013895, -0.11957909835947593, -0.3142124786832498, -0.44704891412002723, -0.49126844276413023, -0.4525932008471377, -0.17527452815058708, -0.8168027586695712, -0.7293450244664144, -0.45259320084713917, -0.3142124786832498, 0.5227461006378706, -0.5762709773158202], [0.034348848021210306, 0.06029431684307184, 0.17761658345797635, 0.4348667784919679, -0.41475527731018685, 0.2926611571355506, 0.2035301323392252, 0.16068338004010196, 0.12820065384709897, 0.12445291543203274, 0.6169678852366084, 1.0, 0.9012967936374873, 0.5062792237928123, 0.37137122368257036, 0.6535383541205475, 0.718822165789875, 0.5062792237928138, 0.6169678852366083, 0.0010196246497884709, -0.0527701706512708, -0.17761658345797635, -0.41475527731018685, 0.4348667784919679, -0.36603908027282006, -0.16734766021671343, -0.13785447089904543, -0.10079847471838675, -0.18308969144680215, -0.44003060066203603, -0.22846606116455456, -0.24894095023517743, -0.12331574770747669, -0.013127592161248597, -0.6535383541205475, -0.718822165789875, -0.12331574770747705, -0.440030600662036, 0.40425740001118254, -0.4751889426901938], [0.03171895847458744, 0.06746222219242322, 0.1903650164858678, 0.4721547570719122, -0.46012212147843784, 0.30302155380895124, 0.23277351597168566, 0.17908338584663414, 0.15238605657843646, 0.13939833972016807, 0.676193338563716, 0.9012967936374873, 1.0, 0.5708498484079721, 0.4129672493885799, 0.7179683712210999, 0.8008145867590681, 0.5708498484079734, 0.6761933385637161, -0.006032417594038992, -0.0574461954803714, -0.19036501648586782, -0.46012212147843784, 0.4721547570719122, -0.3972543788379722, -0.18693710226793447, -0.14550136424025906, -0.12399985127139274, -0.18741425172692547, -0.4850586565712825, -0.25450756760704785, -0.28144620592684066, -0.1412764971897106, -0.010528307237813892, -0.7179683712210999, -0.8008145867590681, -0.14127649718971133, -0.4850586565712824, 0.44667987712181867, -0.5111366090879889], [-0.03392468712685751, 0.11102846652467575, 0.1256424537310774, -0.03087995248930261, -0.4685599693975489, -0.06203535679774124, 0.11876204993563284, 0.08668597573013939, 0.08350854815781689, 0.0922912710518095, 0.2849022924986217, 0.5062792237928123, 0.5708498484079721, 1.0, 0.1722816393457963, 0.4504974162521929, 0.44726394078788695, 1.0000000000000029, 0.2849022924986218, 0.014210048908759524, 0.030234011325216626, -0.12564245373107744, -0.4685599693975489, -0.03087995248930261, -0.3373141681370281, -0.06998628423605525, -0.05395845914315288, -0.04711513400128097, -0.14597366310508067, -0.44790421417710274, -0.1423992554660394, -0.14483228026098366, 0.00048371289003847014, 0.09222450443028335, -0.4504974162521929, -0.44726394078788695, 0.00048371289003846683, -0.4479042141771028, 0.22760514187399758, -0.1984295350354968], [0.01050071652570813, -0.02345176996537172, 0.018190433646918584, -0.11250550192096276, -0.22810205300855368, -0.13402327986100762, 0.1983777188875104, 0.15959454839279982, 0.12129100054218754, 0.008165032514379816, 0.09076858089377453, 0.37137122368257036, 0.4129672493885799, 0.1722816393457963, 1.0, 0.16751012921495972, 0.2654427957363432, 0.17228163934579693, 0.09076858089377447, 0.004671390179721633, -0.01800790179470692, -0.01819043364691858, -0.22810205300855368, -0.11250550192096276, -0.16931764681995806, -0.07507599996196523, -0.053295199471118215, -0.05670229335700815, -0.04807786275060931, -0.1821669045065052, -0.013880784301515549, -0.011656673369493149, 0.10980611824312374, -0.026363039085816387, -0.16751012921495972, -0.2654427957363432, 0.10980611824312407, -0.18216690450650538, 0.0535031684661757, -0.05634115859930229], [0.015799805858957364, 0.07858504448583059, 0.37851102504064577, 0.654147609470272, -0.6399995030029999, 0.5497610866359788, 0.2814642308107249, 0.2338748183345338, 0.16294298287100195, 0.2940604509143432, 0.8168027586695712, 0.6535383541205475, 0.7179683712210999, 0.4504974162521929, 0.16751012921495972, 1.0, 0.8947294549590004, 0.45049741625219397, 0.8168027586695711, -0.01904218126864326, -0.09972455398590302, -0.37851102504064577, -0.6399995030029999, 0.654147609470272, -0.5280806075196105, -0.2812955800757334, -0.23456595980395695, -0.1656110577329651, -0.273861191078857, -0.8043473451599826, -0.6529287193200651, -0.7144046363272057, -0.45263251798801607, -0.17206557046549484, -1.0000000000000002, -0.8947294549590004, -0.452632517988017, -0.8043473451599825, 0.672641264949604, -0.6718901311674214], [0.027942986051619757, 0.07794644248266279, 0.24066466704043402, 0.5837299461734727, -0.5776129146680237, 0.43700182839033724, 0.2639909208718545, 0.21149572675727646, 0.16249588701559542, 0.21831951711944764, 0.7293450244664144, 0.718822165789875, 0.8008145867590681, 0.44726394078788695, 0.2654427957363432, 0.8947294549590004, 1.0, 0.44726394078788795, 0.7293450244664142, -0.026556052682567572, -0.08582855011145286, -0.24066466704043396, -0.5776129146680237, 0.5837299461734727, -0.42297184321031417, -0.26928287996201894, -0.21887248754909672, -0.16616188998516526, -0.197677998370265, -0.721189731877872, -0.7219250111085549, -0.8000887433293967, -0.43720539264408076, -0.2732238210043966, -0.8947294549590004, -1.0000000000000002, -0.43720539264408165, -0.7211897318778723, 0.5877940074488928, -0.5845959653115752], [-0.033924687126857526, 0.11102846652467628, 0.1256424537310778, -0.030879952489302708, -0.46855996939755, -0.06203535679774122, 0.11876204993563368, 0.08668597573013999, 0.08350854815781748, 0.09229127105180972, 0.2849022924986222, 0.5062792237928138, 0.5708498484079734, 1.0000000000000029, 0.17228163934579693, 0.45049741625219397, 0.44726394078788795, 1.0, 0.28490229249862226, 0.01421004890875944, 0.030234011325216633, -0.1256424537310777, -0.46855996939755, -0.030879952489302708, -0.33731416813702847, -0.06998628423605543, -0.05395845914315254, -0.04711513400128121, -0.1459736631050818, -0.4479042141771036, -0.14239925546603985, -0.144832280260984, 0.0004837128900384823, 0.09222450443028338, -0.45049741625219397, -0.44726394078788795, 0.00048371289003846683, -0.44790421417710363, 0.22760514187399797, -0.19842953503549715], [0.019724619122304107, 0.06005421563472988, 0.3120582675138479, 0.8887508636552034, -0.16257172773435102, 0.7483519035205188, 0.2393964019670447, 0.18641285000562213, 0.15397359437705033, 0.3509407969943801, 0.9999999999999998, 0.6169678852366083, 0.6761933385637161, 0.2849022924986218, 0.09076858089377447, 0.8168027586695711, 0.7293450244664142, 0.28490229249862226, 1.0, -0.020069286718820814, -0.09061128409612473, -0.31205826751384785, -0.16257172773435102, 0.8887508636552034, -0.12892086642220588, -0.2272364409873383, -0.20179364327675345, -0.117256859330139, -0.11957909835947586, -0.3142124786832499, -0.44704891412002734, -0.4912684427641304, -0.4525932008471378, -0.1752745281505869, -0.8168027586695711, -0.7293450244664142, -0.45259320084713894, -0.31421247868325, 0.5227461006378705, -0.5762709773158201], [-0.012905646327433068, 0.13596624200237606, -0.019141581097668232, -0.03423920092818726, 0.008101660030277468, -0.03247399389139872, -0.017291776402075854, -0.02710222439643625, 0.0056532591990053754, 0.0036602844561986576, -0.020069286718820814, 0.0010196246497884709, -0.006032417594038992, 0.014210048908759524, 0.004671390179721633, -0.01904218126864326, -0.026556052682567572, 0.01421004890875944, -0.020069286718820814, 1.0, 0.019784395768808118, 0.019141581097668205, 0.008101660030277468, -0.03423920092818726, 0.02379069631309191, 0.02745235972731866, 0.018717064319900605, 0.021769127276833562, -0.0062302476367770135, 0.010665990118915914, 0.04173663422448545, 0.03650591119224195, -0.021842470532384955, 0.004666019458090938, 0.01904218126864326, 0.026556052682567572, -0.021842470532384976, 0.010665990118915879, -0.022351076361550898, 0.03338460960218947], [0.11554894429120299, 0.12391873814646352, -0.043303936103264405, -0.09227787453661424, 0.03867213274001302, -0.06450094422663633, -0.0052884019438111185, -0.023049272186564, 0.019885216904828553, -0.03862274383417902, -0.0906112840961247, -0.0527701706512708, -0.0574461954803714, 0.030234011325216626, -0.01800790179470692, -0.09972455398590302, -0.08582855011145286, 0.030234011325216633, -0.09061128409612473, 0.019784395768808118, 1.0, 0.043303936103264405, 0.03867213274001302, -0.09227787453661424, 0.0557982737627626, 0.039335383495279944, 0.04613195421280671, 0.005255089821840247, 0.0038548877862024946, 0.070783541481153, 0.07553736459795837, 0.07997528298149642, 0.1280615424190736, -0.009313295418474539, 0.09972455398590302, 0.08582855011145286, 0.12806154241907441, 0.07078354148115296, -0.07525049477098888, 0.06774129657757477], [-0.003228265854735651, -0.01771659844615304, -1.0000000000000002, -0.269425064838371, 0.24792907160215205, -0.22948515436510275, -0.1516034452817717, -0.1343086826726254, -0.07750876343990964, -0.08331570868780208, -0.31205826751384813, -0.17761658345797635, -0.19036501648586782, -0.12564245373107744, -0.01819043364691858, -0.37851102504064577, -0.24066466704043396, -0.1256424537310777, -0.31205826751384785, 0.019141581097668205, 0.043303936103264405, 1.0, 0.24792907160215205, -0.269425064838371, 0.20113982837485522, 0.14162724037829957, 0.13532711492182714, 0.06024611796510979, 0.06958398355601719, 0.30147856389885425, 0.18260181518454074, 0.1949196744300539, 0.15671080346625568, 0.02455930317569989, 0.37851102504064577, 0.24066466704043396, 0.1567108034662572, 0.30147856389885413, -0.2830786552723928, 0.29065016399725013], [-0.00261216273824159, -0.07318248286832567, -0.24792907160215205, 0.004043776264240366, 1.0000000000000002, -0.026371700027189218, -0.20476364750300569, -0.18885154146976404, -0.09552706755421293, -0.07144066397763144, -0.16257172773435116, -0.41475527731018685, -0.46012212147843784, -0.4685599693975489, -0.22810205300855368, -0.6399995030029999, -0.5776129146680237, -0.46855996939755, -0.16257172773435102, 0.008101660030277468, 0.03867213274001302, 0.24792907160215205, 1.0, 0.004043776264240366, 0.8040234763151607, 0.16334008436958838, 0.15074552419898132, 0.07663859624828998, 0.1567803222788359, 0.885728293233711, 0.4333825813487764, 0.4645842640805214, -0.040520815834982404, -0.10027093905589439, 0.6399995030029999, 0.5776129146680237, -0.04052081583498278, 0.8857282932337113, -0.55168695987352, 0.4651373417156683], [0.01813845286350808, 0.0337480748815397, 0.26942506483837103, 1.0, 0.004043776264240366, 0.8136672492803677, 0.17853984907056147, 0.17043642401017509, 0.07619458783335904, 0.18031365741012492, 0.8887508636552036, 0.4348667784919679, 0.4721547570719122, -0.03087995248930261, -0.11250550192096276, 0.654147609470272, 0.5837299461734727, -0.030879952489302708, 0.8887508636552034, -0.03423920092818726, -0.09227787453661424, -0.269425064838371, 0.004043776264240366, 1.0, -0.02034416279027642, -0.22456372135307084, -0.2079493879175984, -0.10442313842099568, -0.08249085260402753, -0.16112740286907512, -0.41221875523100976, -0.46233285850241196, -0.47220250459498314, -0.21445435436981836, -0.654147609470272, -0.5837299461734727, -0.47220250459498414, -0.1611274028690751, 0.4764644493172051, -0.552843939819363], [-0.00900945375825949, -0.046211730059391436, -0.2011398283748552, -0.02034416279027642, 0.8040234763151607, -0.007481018701372625, -0.15676369795438116, -0.1624055989079405, -0.051209492107683045, -0.03625372242235944, -0.1289208664222059, -0.36603908027282006, -0.3972543788379722, -0.3373141681370281, -0.16931764681995806, -0.5280806075196105, -0.42297184321031417, -0.33731416813702847, -0.12892086642220588, 0.02379069631309191, 0.0557982737627626, 0.20113982837485522, 0.8040234763151607, -0.02034416279027642, 1.0, 0.12969762573346685, 0.14267146580684445, 0.029999561599699916, 0.10742540291297302, 0.7362154070058234, 0.2770400798408268, 0.2797879215919735, -0.07823396624300764, -0.13041658093941166, 0.5280806075196105, 0.42297184321031417, -0.07823396624300782, 0.7362154070058231, -0.4458402746705201, 0.5036092405022631], [-0.022816761772644883, -0.03450861256631443, -0.1416272403782996, -0.22456372135307084, 0.16334008436958838, -0.1829850305456675, -0.45513883632357366, -0.5065463121495541, -0.1055934180101006, -0.04109936765211997, -0.22723644098733842, -0.16734766021671343, -0.18693710226793447, -0.06998628423605525, -0.07507599996196523, -0.2812955800757334, -0.26928287996201894, -0.06998628423605543, -0.2272364409873383, 0.02745235972731866, 0.039335383495279944, 0.14162724037829957, 0.16334008436958838, -0.22456372135307084, 0.12969762573346685, 1.0, 0.8112338804749061, 0.6191533909180998, 0.15899868891969846, 0.2288614293847269, 0.22253749052820723, 0.24420522046247323, 0.1297047423160676, 0.21696858874317246, 0.2812955800757334, 0.26928287996201894, 0.12970474231606785, 0.22886142938472692, -0.2010581780543635, 0.20419760379448676], [-0.02012061321583624, -0.03443872217545301, -0.13532711492182714, -0.2079493879175984, 0.15074552419898132, -0.18956250624983115, -0.47175438498672834, -0.6319304656160236, 0.02203482159399568, -0.028481548089991718, -0.2017936432767535, -0.13785447089904543, -0.14550136424025906, -0.05395845914315288, -0.053295199471118215, -0.23456595980395695, -0.21887248754909672, -0.05395845914315254, -0.20179364327675345, 0.018717064319900605, 0.04613195421280671, 0.13532711492182714, 0.15074552419898132, -0.2079493879175984, 0.14267146580684445, 0.8112338804749061, 1.0, 0.04311367549625909, 0.026950386091797143, 0.1781681534195955, 0.19149691975715713, 0.20494051926006987, 0.10315074629638782, 0.2141873109141703, 0.23456595980395695, 0.21887248754909672, 0.10315074629638711, 0.17816815341959533, -0.1965161063648407, 0.19267657478134936], [-0.011963690704796644, -0.012711733632149506, -0.0602461179651098, -0.10442313842099568, 0.07663859624828998, -0.058073982780348, -0.1441044911559272, -0.016827203078726254, -0.21001187036166616, -0.0319732306239701, -0.11725685933013895, -0.10079847471838675, -0.12399985127139274, -0.04711513400128097, -0.05670229335700815, -0.1656110577329651, -0.16616188998516526, -0.04711513400128121, -0.117256859330139, 0.021769127276833562, 0.005255089821840247, 0.06024611796510979, 0.07663859624828998, -0.10442313842099568, 0.029999561599699916, 0.6191533909180998, 0.04311367549625909, 1.0, 0.2354752544100351, 0.15176193032137647, 0.12305641645801171, 0.14202394304343577, 0.08308728242716362, 0.08306849674163921, 0.1656110577329651, 0.16616188998516526, 0.08308728242716275, 0.15176193032137644, -0.07961566027331904, 0.09013617750522318], [-0.008224531119615942, -0.0239429341721717, -0.06958398355601719, -0.08249085260402753, 0.1567803222788359, -0.06088038794062387, -0.05202948088834971, -0.03286544518304142, -0.042872474828582675, 0.011737799719724237, -0.11957909835947593, -0.18308969144680215, -0.18741425172692547, -0.14597366310508067, -0.04807786275060931, -0.273861191078857, -0.197677998370265, -0.1459736631050818, -0.11957909835947586, -0.0062302476367770135, 0.0038548877862024946, 0.06958398355601719, 0.1567803222788359, -0.08249085260402753, 0.10742540291297302, 0.15899868891969846, 0.026950386091797143, 0.2354752544100351, 1.0, 0.3275025831446731, 0.113034559050197, 0.12900199962864914, 0.0925643535531373, 0.006373594456838154, 0.273861191078857, 0.197677998370265, 0.09256435355313755, 0.3275025831446731, -0.09495607820312406, 0.15462415619813197], [-0.0056854293200946674, -0.0674674983210243, -0.30147856389885425, -0.16112740286907512, 0.885728293233711, -0.13394798494623014, -0.21661556847947655, -0.1928713168830907, -0.1095573586338121, -0.12246530253669162, -0.3142124786832498, -0.44003060066203603, -0.4850586565712825, -0.44790421417710274, -0.1821669045065052, -0.8043473451599826, -0.721189731877872, -0.4479042141771036, -0.3142124786832499, 0.010665990118915914, 0.070783541481153, 0.30147856389885425, 0.885728293233711, -0.16112740286907512, 0.7362154070058234, 0.2288614293847269, 0.1781681534195955, 0.15176193032137647, 0.3275025831446731, 1.0, 0.614024753822006, 0.6696460623708648, 0.27871496426089404, 0.1026315858634781, 0.8043473451599826, 0.721189731877872, 0.27871496426089465, 1.0000000000000002, -0.5685034173405651, 0.5121428037761941], [-0.008882415825217005, -0.059090252523780876, -0.1826018151845407, -0.41221875523100976, 0.4333825813487764, -0.3569280278534559, -0.1696490270581591, -0.14980583619875018, -0.08733723646226273, -0.20442851997463907, -0.44704891412002723, -0.22846606116455456, -0.25450756760704785, -0.1423992554660394, -0.013880784301515549, -0.6529287193200651, -0.7219250111085549, -0.14239925546603985, -0.44704891412002734, 0.04173663422448545, 0.07553736459795837, 0.18260181518454074, 0.4333825813487764, -0.41221875523100976, 0.2770400798408268, 0.22253749052820723, 0.19149691975715713, 0.12305641645801171, 0.113034559050197, 0.614024753822006, 1.0, 0.9017483515065773, 0.48967246818386934, 0.3820086849673149, 0.6529287193200651, 0.7219250111085549, 0.48967246818386956, 0.6140247538220059, -0.4559197706579987, 0.3921560415948082], [-0.012999941666618439, -0.05731433759333843, -0.19491967443005384, -0.46233285850241196, 0.4645842640805214, -0.39665209206375585, -0.1898158489149795, -0.15948510491493498, -0.1077181281829867, -0.210167452344831, -0.49126844276413023, -0.24894095023517743, -0.28144620592684066, -0.14483228026098366, -0.011656673369493149, -0.7144046363272057, -0.8000887433293967, -0.144832280260984, -0.4912684427641304, 0.03650591119224195, 0.07997528298149642, 0.1949196744300539, 0.4645842640805214, -0.46233285850241196, 0.2797879215919735, 0.24420522046247323, 0.20494051926006987, 0.14202394304343